
count = 	1
 xk =	[0. 0.]
 h =	[4. 4.]
 alpha =	 1.0
count = 	2
 xk =	[4. 4.]
func(xk) = 16.0
 h =	[ -4.00000033 -12.00000099]alpha =	 0.5
count = 	3
 xk =	[ 1.99999983 -2.0000005 ]
func(xk) = 12.00000595730723
 h =	[-0.         12.00001876]alpha =	 0.25
count = 	4
 xk =	[1.99999983 1.00000419]
func(xk) = -5.999999999964816
 h =	[-0.00000000e+00 -1.77635684e-05]alpha =	 0.125
count = 	5
 xk =	[1.99999983 1.00000197]
func(xk) = -5.999999999992193
 h =	[-0.0000000e+00 -4.4408921e-06]alpha =	 0.0625