
count = 	1
 xk =	[0. 1.]
 h =	[-0.         -5.43656453]
 alpha =	 0.5
count = 	2
 xk =	[ 0.         -1.71828227]
func(xk) = 19.153662401531545
 h =	[-0.        65.8227961] 
alpha =	 0.25
count = 	3
 xk =	[ 0.         14.73741676]
func(xk) = 2.113729679132663e+94
 h =	[-0.00000000e+00 -6.23019188e+95] 
alpha =	 0.25
count = 	4
 xk =	[ 0.00000000e+00 -1.55754797e+95]
func(xk) = inf
 h =	[nan nan] 
alpha =	 0.25