
count = 	15
 xk =	[2.00000055 0.99999899]
func(xk) = -5.999999999997641
 h =	[-0. -0.]alpha =	 nan