newton_method.txt
count = 	1
 xk =	[0, 0]
func(xk) = 0.0
 h =	[-0.25015664  0.06265635]
alpha =	 1
count = 	2
 xk =	[-0.25015664  0.06265635]
func(xk) = -0.15640649438514748
 h =	[ 0.00031406 -0.00031289]
alpha =	 1